2000
1464 -66
1573 810
824 366
501 -618
1561 141
156 381
88 -852
1169 864
357 767
688 930
404 -538
234 871
1265 -3
730 -772
564 833
588 -137
1957 -268
1737 448
98 -173
1974 944
1391 -138
1086 616
509 103
540 -138
14 -217
206 4
600 -595
1703 -206
984 -208
196 693
665 424
1889 303
1333 -433
140 464
778 286
362 13
1073 -715
456 -975
875 -389
1461 994
557 455
175 -683
1694 958
475 692
1311 -930
169 -529
1194 -230
375 -559
813 -137
164 772
1545 246
184 -185
758 -188
1091 -961
970 -450
371 -132
1258 -343
1050 -450
1840 -432
1102 983
61 367
1235 -621
256 544
134 -843
952 -524
411 -253
183 -667
1258 886
391 -119
1797 -981
753 153
1006 -131
412 -701
1574 -762
1987 -963
1737 -445
539 955
1192 856
595 -158
390 -124
1020 -930
1464 -74
651 -943
999 304
940 -99
1368 -213
521 308
1006 924
1804 494
173 917
802 -181
1826 -321
608 377
1522 806
1130 -424
896 -203
849 972
819 -460
781 -717
1959 463
396 248
274 329
282 -745
1306 -191
545 -143
950 516
1586 -814
1186 403
1621 914
455 -938
654 777
1002 -32
1297 87
1492 981
582 995
450 -166
240 -895
973 556
1147 585
908 -460
1236 -490
761 -343
286 -932
1698 551
258 814
1905 -385
134 367
1662 446
705 -249
643 338
1470 760
688 -102
511 -910
368 -691
1636 -989
1947 -482
1501 -461
142 -641
1484 976
840 -204
1150 597
535 153
1643 -384
1890 134
747 804
1720 -143
1964 572
1417 -555
274 -447
1811 -877
446 -98
624 614
1987 305
381 635
1940 -155
1694 -416
257 750
1153 -708
964 -315
1072 480
1815 -875
315 -515
1993 -763
1749 118
1617 -345
1405 -74
145 -560
1201 85
1134 -632
446 -409
1055 660
635 -554
1029 35
86 -191
218 86
655 -523
861 -508
772 91
428 988
1628 562
115 -244
1400 111
1940 929
311 -575
407 96
1753 -134
1333 293
407 -85
239 410
112 -289
469 -549
919 892
1859 23
1883 -523
1246 873
1831 739
1904 -585
331 -236
1216 -901
650 981
758 -479
471 188
989 -960
585 -855
1850 108
454 863
652 -5
1743 877
276 -729
120 -398
599 -941
732 -544
1377 -462
1646 -400
1229 724
1283 870
930 -750
446 -250
1344 476
1579 -937
684 97
1552 -872
1111 127
1841 -944
1366 -708
244 -342
1742 372
4 -239
718 -845
777 792
642 5
1800 -706
228 -212
743 207
661 835
1860 -626
285 849
1063 994
1600 -929
1988 670
178 -355
1621 -538
875 -782
456 -449
366 643
837 214
295 -810
1699 228
1907 215
1643 -928
1541 -997
1036 -603
1990 803
1089 -587
1740 403
96 -802
15 -140
677 -707
840 -106
958 -735
1786 810
920 129
133 -513
1002 -272
552 811
1408 -145
1528 -83
1243 692
159 -863
951 266
566 355
605 -727
1205 -265
746 823
1114 280
1216 655
233 -32
1339 497
1508 152
871 395
1771 -640
448 694
1573 -831
1753 435
1407 833
1953 -408
1284 -489
1091 -538
1102 -193
1150 957
1820 912
533 -750
1220 -68
855 975
715 -440
1760 139
1891 -851
1457 957
964 239
1903 43
143 -228
312 359
206 -426
1659 -515
80 -188
119 -10
483 678
1508 657
515 488
210 610
387 745
1727 651
105 668
1277 -598
1470 654
1091 547
1030 409
530 768
589 -631
1083 838
307 -706
1407 -86
810 817
1111 -972
445 -310
1829 -318
1331 -447
427 464
20 -557
267 487
1195 -633
1854 756
1293 -366
1721 106
793 -696
1132 26
672 -236
445 882
71 458
677 595
362 -437
585 -904
1764 -744
1580 -108
109 971
1235 827
1650 450
25 20
1643 605
51 -803
121 443
711 -832
159 -64
649 -491
1554 -919
70 -633
340 -365
1637 -549
541 712
1738 -210
795 -517
1900 -497
1292 -441
266 -227
1817 -13
1834 -814
982 969
322 160
471 -440
347 571
581 822
754 663
544 169
1520 579
391 -104
1821 631
599 -515
736 -246
913 -530
378 -777
1343 -356
133 752
1959 652
1767 211
1104 -875
1387 -996
181 -136
561 -884
1865 935
756 169
1754 -97
813 358
760 -553
1430 980
1015 -386
1922 -344
772 480
1227 431
277 -86
1212 -160
1812 -146
1297 -559
796 -183
619 -99
980 -797
1384 372
1405 182
530 531
311 579
118 -955
1673 -991
1129 906
144 599
310 -312
567 764
123 -657
904 477
821 977
1970 -129
424 738
1596 678
52 268
297 837
388 486
540 359
921 742
1437 -211
1990 117
828 -856
1325 -14
102 -902
1867 -135
951 920
1151 565
191 -125
768 -573
1207 872
464 -134
21 788
1867 872
1294 -533
101 254
1964 -789
1635 975
1680 -307
664 645
794 396
1571 -443
7 152
1463 -76
1049 -739
1580 -919
29 -736
468 868
1578 378
816 -352
1910 -375
211 230
1549 -349
1255 482
580 860
1935 -551
1962 -439
1501 -581
224 -891
1381 630
315 581
82 587
1608 -696
664 -395
1375 769
377 550
1515 519
1483 244
1433 -164
874 181
430 -3
1194 -889
334 -918
1984 -540
1707 -537
1746 -45
1163 274
1867 145
1741 246
1332 -830
925 -993
831 -605
262 -193
598 34
1959 -848
1348 929
1929 -342
1249 502
512 -201
948 -698
1888 -74
612 -364
642 -403
1824 -732
486 -989
1504 -251
683 29
1755 78
558 -585
218 -968
880 565
669 893
27 970
1052 959
1269 -792
385 812
918 -359
485 -432
1207 767
1207 779
1691 -441
1124 -475
1747 355
323 735
1836 775
1457 -404
123 932
589 785
701 -44
308 -792
24 -379
655 699
278 -742
315 -193
1955 510
1338 -722
228 -182
1656 74
1082 -376
545 -881
88 -711
641 -216
1489 -75
764 629
1718 -319
1935 444
63 6
182 -547
1703 463
1808 874
925 978
672 -554
1992 -13
1941 -99
602 -634
1260 -11
1561 -140
548 276
1418 -593
1378 -238
334 -519
70 16
386 -782
222 409
418 -623
1578 -88
1726 213
1424 506
1135 -996
1873 -27
1323 -541
907 953
1991 -641
1936 -250
1757 60
983 -705
1135 -876
1762 206
1562 162
1632 -89
206 -841
1763 833
445 -931
948 994
1602 235
726 -582
436 904
760 -140
907 -301
15 -488
531 450
1732 -348
655 649
1577 221
639 -834
1330 384
1876 -597
1410 -595
275 291
1427 759
361 393
58 757
1006 589
922 -291
1165 -776
440 561
1635 -502
1839 106
758 -398
997 965
232 910
1373 795
492 -493
1551 325
1048 511
1109 -576
1867 -147
343 509
273 986
1561 204
804 -682
851 362
1606 12
1585 936
333 -507
253 271
1902 425
346 -576
141 72
898 289
1539 -55
610 -539
1905 497
1267 -182
116 -314
1981 665
1961 100
1336 -230
1155 -848
387 -265
987 -661
24 129
1384 633
431 328
1471 -30
915 -153
860 -71
1842 -418
1746 -757
1736 293
1823 170
782 -275
260 -341
1199 569
99 429
956 173
425 892
672 230
1983 -428
182 -822
1084 41
282 17
1069 454
1085 884
455 -555
1869 933
1787 -961
1396 255
348 -412
960 240
1966 781
371 932
303 -593
76 -813
1482 867
214 654
441 629
1823 742
1627 329
219 702
1351 725
1002 -30
112 475
391 744
1897 -251
1587 421
619 -810
1778 -461
372 878
1028 546
770 798
1206 749
193 813
650 126
1105 -982
1652 453
1547 211
919 -971
5 -682
864 -545
373 -330
1264 -14
98 65
384 67
1105 31
1536 778
1375 -771
208 766
1082 410
787 -494
245 -431
161 863
1643 233
1852 660
851 -6
1509 732
1493 225
623 -337
621 629
1300 -869
1997 331
1592 516
1768 679
1099 -215
572 -492
242 -695
431 -314
888 -794
798 -610
785 -118
1138 813
1391 -537
3 -52
1049 -589
1505 764
1400 -573
1105 282
404 -377
1525 485
591 503
688 -605
1472 -516
1688 656
274 66
1197 553
382 332
1064 -792
1639 -455
1671 -351
1604 -650
1481 700
691 -108
741 52
92 587
400 175
1460 622
1710 -369
915 -911
984 -343
824 569
1279 259
523 884
1168 195
1443 -743
57 -362
1801 -704
683 -977
13 612
1472 -384
1528 -872
14 -211
1618 393
941 -257
692 -830
390 215
1712 389
509 -380
304 -199
1696 214
1133 -113
976 -572
1137 458
655 -261
1502 -850
890 151
800 823
170 -905
1505 909
710 300
908 167
619 -253
340 814
1374 -588
1269 579
1233 521
1563 -732
500 -430
1555 507
1582 904
430 -89
1917 -127
1677 15
538 -91
1929 276
368 -930
1346 678
1326 -747
1547 602
155 218
947 571
1306 -973
1959 79
30 586
982 -725
1520 -768
134 -919
654 -570
1909 -328
1734 -834
530 213
292 557
1309 -695
504 -380
1932 -637
619 591
1312 -872
548 462
1912 8
918 498
1028 -941
1468 -214
780 923
72 510
466 -309
711 -309
548 680
1881 -463
247 504
624 857
1233 17
1863 -948
790 226
1302 208
774 -409
1843 67
1284 -455
1530 -483
137 -987
1088 769
1994 431
597 196
520 -282
328 753
1591 -39
1727 93
481 26
935 -841
1787 306
249 -463
1032 -859
1742 21
557 120
1988 962
1270 704
1953 -634
1127 -356
1463 -559
116 -554
313 455
1525 -10
797 -426
308 632
210 -328
1161 -33
1012 539
776 282
574 -640
569 -907
1296 -687
1145 659
1633 -570
1711 -453
950 377
306 992
307 393
1144 902
225 364
482 690
321 -375
983 273
320 -811
1389 -820
556 587
559 -294
1478 577
492 854
424 -871
44 515
1641 -458
1656 -435
1806 288
762 -366
740 -279
1763 -703
923 -752
540 -319
1845 582
1855 85
463 176
215 -642
271 188
1941 -190
1343 -169
1637 -916
761 -178
1568 -316
1332 132
1906 -415
1549 483
815 -837
697 -186
802 -426
1130 935
1990 -980
1328 -667
137 682
50 -840
1422 894
734 -824
1218 -977
1709 -774
1808 -819
426 348
857 -453
965 -156
366 -757
115 564
256 -968
360 352
1979 89
1671 771
1213 933
601 -370
461 946
1660 -765
1962 -509
222 -814
674 897
891 -62
1269 776
1171 882
744 102
368 -993
766 -401
662 985
532 -59
107 -62
476 -169
41 854
1420 -41
514 657
1495 576
1748 414
1597 -249
317 332
1087 -543
832 -202
342 -682
1976 -910
1252 676
1501 -823
266 535
1205 553
1708 -744
972 -24
722 628
407 -710
960 62
838 -187
1305 -489
88 -765
703 -835
1411 375
382 546
948 -205
1546 894
52 858
1558 -392
860 -462
1910 785
330 956
1927 801
244 950
1645 662
220 -896
1662 186
309 -449
654 -524
853 -945
1225 754
1852 76
1160 -954
1060 306
1454 974
457 83
226 921
1994 -55
1891 -202
1489 493
1591 -753
1264 663
1060 -137
412 -9
530 -945
1438 -604
1760 -81
743 -77
1126 851
516 -774
763 -237
1171 -651
857 -904
1717 376
1070 556
325 742
1284 -846
1975 450
259 710
548 -299
836 -667
1157 543
473 -368
238 993
924 -275
1982 602
662 -353
1203 0
145 135
659 -895
752 -982
1496 27
429 -891
1772 313
1619 -865
198 863
525 366
1107 760
222 -739
1672 749
947 12
1191 377
1158 840
241 203
1188 861
619 876
1057 745
3 642
410 306
709 -316
1564 -69
1097 94
1299 -93
1023 199
1158 719
942 625
1873 217
1289 545
626 -360
68 96
1993 722
805 -287
1705 768
1102 388
1364 -671
1482 186
1350 129
470 586
1776 -597
818 131
1032 -3
968 19
527 539
60 984
1204 -650
1652 85
551 863
1067 599
480 -265
1376 569
1873 -8
500 724
1065 -391
868 427
1323 926
1812 950
1966 95
461 140
486 106
695 -537
1699 891
59 547
1608 123
658 -664
1535 70
130 -776
1739 737
971 394
1934 -740
1564 -952
1756 -683
1196 -138
1839 -371
85 -140
1004 975
1491 102
1447 190
1838 594
819 -498
1476 842
1084 -954
1228 -102
440 468
1814 -428
939 353
1158 778
1338 503
802 -500
1203 992
1370 -141
91 -639
1224 141
1384 -745
1336 378
1056 -304
825 694
1409 174
21 568
210 -985
590 361
201 865
969 -246
319 412
639 848
1138 -881
1793 -751
1434 -56
237 403
1278 639
383 -286
407 794
649 515
692 -186
1653 552
1728 372
730 -621
673 -846
878 77
1394 364
587 -759
324 259
1397 949
1168 333
1818 -863
33 -564
139 996
944 115
1531 123
879 103
1061 66
1353 227
1379 664
1370 590
1788 590
1707 -624
1469 -95
1041 -29
476 -456
183 759
1896 -592
1545 -407
1253 278
1651 -860
1463 -620
280 792
669 -864
967 -806
480 -623
1675 -612
92 -364
1154 -609
1214 -818
1633 -873
1118 962
1046 222
1039 -298
382 -709
1397 193
1032 740
614 343
1577 -895
1460 984
1361 51
1226 262
270 773
1509 -938
1776 514
1925 233
44 375
436 -741
1541 810
1222 555
1640 332
1266 269
503 -981
256 -884
1209 -885
1907 340
543 805
1145 -513
202 48
480 -83
1899 544
811 410
587 -788
1030 -933
1436 -620
1062 697
1551 -477
1348 -623
1464 -991
1068 -309
288 204
273 202
1273 -679
1172 499
1351 -171
1236 289
1996 209
24 648
564 -627
59 985
1411 643
582 902
1644 -248
1621 -713
531 367
1907 715
453 -465
1079 771
455 -539
419 939
428 509
1802 -534
1291 -67
1123 -531
720 210
1707 -417
434 544
1679 -165
277 452
1386 341
1 748
732 -346
178 -887
172 518
1281 -284
1872 799
211 559
458 -224
225 301
4 47
328 852
1648 467
81 418
1193 -416
948 366
1902 -684
920 432
1216 -142
1838 -44
1354 -883
319 -965
1152 -345
1843 995
1275 746
148 824
276 -553
258 506
111 446
1753 -703
1835 749
1679 -450
519 492
786 164
599 -200
801 -73
1750 46
426 -700
62 -261
532 913
1046 -590
1934 -58
651 781
216 -612
355 -169
1456 -859
958 -342
864 605
77 420
773 847
1832 304
340 -869
1978 -14
1368 550
1040 -365
1855 -350
658 -930
133 560
785 -647
1505 563
354 -328
719 -393
89 -82
1726 674
905 -378
811 -919
507 850
1789 54
1678 353
1666 -247
1166 278
1914 925
1720 -537
1747 205
1436 515
1492 870
948 -713
287 510
1861 -205
320 213
1427 -648
1275 395
1321 -267
85 195
281 67
753 342
929 -739
718 699
1631 -636
527 869
775 -190
1147 -771
162 -35
1814 -174
1849 -561
1536 -241
1554 -861
988 476
682 -862
692 -409
1012 783
43 -92
1457 992
803 -222
1584 287
1137 -527
1912 63
269 -895
580 498
478 764
1502 -950
629 854
1455 -289
1992 -524
1333 -95
1747 -868
1814 431
938 203
1285 535
1842 -484
259 478
992 -137
1527 -942
258 505
1345 878
1133 -77
1675 -978
615 -107
1089 836
1542 172
963 154
680 -519
1192 905
1749 676
822 73
801 -191
127 154
1958 818
13 627
578 749
1554 905
1085 -401
633 -670
1182 -191
209 714
878 570
1899 965
221 614
674 70
307 -762
1419 -624
250 -905
685 571
1578 39
402 -278
1525 469
1630 -422
1621 249
512 -931
1314 -684
55 -648
152 -391
1110 233
1000 -948
43 830
590 -343
301 866
1587 664
452 185
1684 928
1597 -514
1763 842
254 -598
1244 24
855 -312
827 -795
1658 -41
268 846
1436 976
947 626
876 -712
93 -298
1331 -216
1814 812
973 -277
716 -492
1911 -424
1252 355
1129 385
1372 4
1383 -709
369 349
306 -753
1810 611
1428 -672
1588 480
236 590
1992 -237
1782 794
762 -87
815 651
171 572
1831 -928
1088 41
984 -265
1708 197
1687 798
188 -142
1848 -568
578 -913
743 -686
1285 302
516 -922
679 -533
1566 144
326 889
803 399
1687 -2
950 -290
896 -222
803 -300
868 -460
0 -216
133 -306
388 -71
1893 154
444 542
1229 -907
1595 -167
530 -173
770 -31
4 739
1552 -96
889 436
1036 -262
1434 920
129 495
1916 664
729 179
114 -871
285 -36
1681 -611
236 507
212 -835
378 975
65 789
1354 -778
1659 -528
1935 374
153 -378
496 363
1528 -797
1995 -927
1436 -406
155 -203
877 -791
924 -809
159 63
462 -173
1090 604
792 592
860 760
688 -953
1683 -57
152 984
1232 58
1915 379
64 -631
1224 -573
1388 -415
733 -729
1996 296
248 -461
1992 73
1179 -532
319 348
558 -29
635 308
1545 -596
1604 784
1586 880
1396 874
212 -304
1068 -524
1665 -790
21 -251
792 -575
1417 830
1690 -328
1522 -223
1242 287
1187 340
1652 977
1558 -606
1808 141
246 707
1718 244
1135 894
19 579
1858 428
1421 -111
1261 -34
1300 -870
1146 -975
474 990
1079 -767
756 724
1814 604
1841 -93
86 745
1067 -542
33 201
283 461
615 -900
1842 -821
588 599
1157 895
1485 -27
936 -852
25 -821
79 -836
973 -111
625 -126
688 -291
1614 559
817 178
18 -558
990 -167
506 -45
1990 -290
823 770
544 -481
1024 395
1822 737
1181 893
493 596
1010 -933
1662 -345
232 -813
826 302
1554 -531
336 -493
766 -234
739 716
939 -418
1091 796
1514 206
1544 -581
200 62
1542 618
762 598
1053 -574
330 -157
1889 605
834 461
378 808
1734 -553
1676 -826
1591 758
665 -728
1620 -763
501 428
1876 232
1771 916
418 304
207 441
1512 -385
579 -865
592 -628
1310 506
1558 617
793 -271
481 499
1852 -685
1876 -902
1593 -297
1616 786
1718 72
509 248
241 401
136 265
287 -347
367 720
6 194
603 -498
1564 -249
477 -769
656 -653
684 906
327 -704
1182 -183
1337 -943
1013 -405
525 119
1884 -298
802 810
370 593
1472 -298
742 736
334 692
1268 353
1973 267
1998 -73
1845 -746
1487 452
1015 -425
1708 -931
1619 156
460 537
82 658
1417 698
1366 -840
1927 671
665 -571
389 -855
467 188
674 780
1840 -466
1010 -712
1074 -880
1057 121
579 -625
295 -340
1453 370
1324 -316
301 704
398 -309
981 241
1568 -612
1986 -167
773 545
1069 -606
238 376
453 -664
737 412
1421 395
587 -831
1826 -223
726 -17
225 683
302 -621
310 665
288 -974
1991 159
149 -400
770 -854
158 353
1173 494
1168 -531
781 546
1810 585
32 -161
1524 -413
1854 -140
354 782
613 -451
41 -529
1685 949
890 167
341 -902
781 -333
803 224
823 176
177 521
623 -109
238 -269
269 -552
1650 290
1876 -664
1902 560
1011 689
1667 274
1286 -223
451 589
482 -606
805 -983
64 -547
316 -844
1849 -792
778 -182
1092 978
225 -540
332 992
315 830
1141 185
730 46
1632 223
1266 -527
1501 -385
150 312
912 411
1760 -44
1159 789
1061 -579
27 223
1736 -263
1318 33
1358 619
548 331
1970 922
1373 331
1242 644
1793 721
1354 307
709 -959
1703 542
509 -727
879 963
1482 548
166 196
1254 -578
1716 -753
606 -135
702 866
1184 463
1089 -961
1348 -519
1863 381
1248 943
1475 -753
1190 849
1551 -904
1169 390
968 -65
1472 -734
280 -416
370 -179
676 -445
211 18
535 -751
1606 -26
511 196
1939 74
1463 670
386 465
1541 541
1017 102
580 -515
499 56
901 79
130 55
497 -151
1318 -908
642 -515
1950 772
355 -258
1358 -666
1140 257
1970 821
595 929
1010 -481
1224 517
982 -169
128 -314
1212 152
1612 379
407 459
1130 -281
219 27
772 -362
199 -89
104 -749
1089 -633
1481 -370
824 403
1795 -339
22 689
868 816
740 -195
745 -935
963 -786
1175 364
584 294
940 83
1064 -999
292 -843
53 -510
944 376
1927 -445
868 -268
1678 -996
816 -630
38 910
577 -379
364 -704
969 -80
513 -639
189 409
1965 -657
1133 756
1557 -488
1721 498
1632 -769
1249 -589
567 961
1470 826
427 -456
624 721
11 -225
360 -339
790 311
1015 242
29 138
1157 666
109 -337
1670 -750
972 -290
251 -570
385 -572
1845 -722
1881 -1000
1055 489
296 -322
637 537
605 -308
751 206
1673 -868
314 184
1856 370
345 599
65 46
1424 -762
755 564
66 -968
480 810
1539 -640
919 -255
1456 71
1228 568
1949 -662
1587 -275
1423 146
1229 469
284 -871
210 303
1152 217
1744 -748
786 -681
1298 465
21 928
1876 376
819 -30
1830 -380
871 -994
496 108
1946 -659
134 57
577 609
1163 843
788 317
714 73
1810 839
242 -456
1059 -211
1330 -145
734 518
790 -136
925 -885
945 -600
798 502
860 -301
1387 921
829 -310
1547 801
971 -794
1370 221
401 -134
615 -902
1985 -540
765 -127
1755 -636
1957 819
766 -256
777 195
1998 519
1099 -155
103 -59
1319 -618
129 -186
503 -756
1172 -450
326 703
1406 -712
1463 937
1651 -34
1175 -278
116 441
272 622
1299 -7
1743 -925
1829 455
1704 869
1801 -759
936 956
1433 438
908 -998
1311 -165
1168 861
1578 301
1850 -692
176 -161
1705 -352
1365 -346
1560 496
445 -677
1943 -223
223 881
140 -51
556 441
949 -428
1246 690
1361 913
1955 -476
320 -817
1868 -17
569 -453
1057 -945
1291 427
1864 227
1605 -913
54 -818
1177 -745
836 -947
766 -458
453 -581
214 -682
248 354
1760 203
1929 818
1727 316
1405 999
1546 -305
46 -906
548 228
1843 199
1951 -874
691 522
1229 157
731 579
1544 647
911 -744
1875 744
990 -739
368 -433
